2433,1954,2154,1894,2041,2007,1975,2161,1934,1983,2025,1927,2025,1999,1993,2020,1728,2084,1975,2119,2047,2189,1961,1906,1689,1888,2029,1937,1852,1934,1916,2058,2093,1907,1963,1867,2070,1897,1810,1930,2036,1876,2233,2035,1792,1970,1665,1929,1977,1981,1948,1835,1854,1918,1806,1954,1942,1990,1928,1834,1771,1852,1917,1886,1893,1891,1904,2000,2105,1814,1807,1960,2078,1937,1838,1957,1941,2089,1792,1830,2051,2048,1860,2046,1953,1828,1925,1921,1934,1809,1912,1997,1925,2064,1860,1872,1963,1895,1804,1982
1954,2274,2046,1763,1867,1919,1812,2011,1849,1872,1950,1779,1910,1923,1891,1822,1585,1890,1775,2034,1927,2044,1833,1834,1529,1726,1943,1800,1762,1819,1726,1868,1982,1778,1858,1769,1860,1765,1782,1716,1913,1737,2104,1960,1668,1804,1577,1860,1823,1893,1815,1775,1710,1702,1700,1903,1782,1756,1774,1738,1544,1815,1917,1835,1728,1786,1788,1965,2006,1719,1703,1889,1918,1797,1706,1910,1831,1873,1717,1727,1911,1828,1696,1934,1767,1727,1787,1813,1928,1781,1808,1922,1876,1972,1779,1862,1836,1835,1756,1940
2154,2046,2583,1900,2055,2063,1946,2194,2057,1990,2122,1930,2121,2010,2018,1999,1821,2115,2017,2186,1985,2262,1963,1992,1787,1868,2087,1959,1907,2010,1942,2048,2072,1980,2041,1932,2121,1968,1932,1982,2076,1902,2160,2054,1822,1958,1593,2075,1975,2058,1979,1910,1852,1862,1913,2033,1987,2047,1997,1864,1775,1958,2069,1949,1995,1926,1941,2164,2120,1944,1889,2004,2117,1923,1904,2022,1964,1980,1869,1931,2063,2201,1915,2102,1949,1920,1867,2004,1954,1879,1985,1994,2048,2135,1916,1862,2073,1896,1890,2087
1894,1763,1900,2231,1859,1784,1813,1960,1853,1733,1827,1686,1916,1849,1879,1837,1637,1942,1644,1996,1865,2035,1695,1811,1614,1749,1910,1649,1685,1832,1734,1828,1856,1760,1764,1742,1942,1799,1700,1870,1907,1680,1973,1864,1653,1793,1586,1862,1794,1785,1844,1899,1692,1700,1745,1804,1813,1763,1841,1727,1652,1712,1901,1814,1756,1819,1793,1876,2040,1816,1753,1873,1769,1825,1735,1843,1763,1949,1687,1769,1849,1799,1676,1841,1733,1634,1694,1830,1734,1745,1717,1862,1854,1953,1630,1801,1831,1736,1726,1903
2041,1867,2055,1859,2323,1992,1952,2073,1991,1938,1942,1878,2089,1981,1918,1977,1763,2044,1855,2108,2010,2170,1881,1907,1676,1796,1992,1804,1810,1843,1838,2020,2036,1858,1933,1880,2055,1888,1832,1974,2053,1777,2137,2017,1770,1879,1707,1975,1933,1991,1881,1841,1785,1795,1836,1960,1859,1909,1984,1800,1800,1836,1940,1772,1925,1880,1844,2009,2039,1837,1871,2003,1913,1854,1834,1929,1828,2019,1817,1886,2004,2017,1798,1945,1880,1817,1852,1927,1896,1780,1847,1903,1910,1992,1895,1899,1938,1839,1859,1999
2007,1919,2063,1784,1992,2369,1965,2087,1925,1967,1960,1857,2014,1992,1968,1946,1674,1914,1872,2086,2011,2048,1808,1885,1733,1754,1968,1830,1768,1901,1833,2022,2046,1892,1981,1909,1963,1851,1795,1920,1937,1831,2103,1997,1709,1868,1590,1896,1889,1918,1979,1839,1809,1773,1817,1908,1902,1945,1945,1802,1746,1842,1933,1839,1906,1807,1740,2054,2044,1817,1763,2013,1896,1823,1881,1941,1969,1967,1856,1859,1953,2057,1860,2021,1898,1848,1804,2032,1876,1834,1866,1994,1895,1970,1821,1833,1892,1824,1832,1962
1975,1812,1946,1813,1952,1965,2285,1966,1866,1830,1878,1819,1915,1879,1899,1903,1667,1886,1714,2093,1860,2058,1801,1858,1683,1695,1906,1807,1728,1862,1777,1938,1986,1763,1933,1816,1935,1813,1837,1819,1944,1806,2026,1898,1729,1849,1539,1787,1854,1993,1931,1836,1773,1742,1772,1837,1880,1837,1865,1814,1702,1711,1874,1815,1841,1769,1774,1885,2047,1818,1807,1970,1781,1684,1824,1891,1862,1969,1769,1792,1856,2009,1722,1907,1743,1826,1776,1887,1872,1819,1738,1967,1882,1985,1746,1873,1859,1840,1740,1978
2161,2011,2194,1960,2073,2087,1966,2574,2081,2076,2126,1910,2265,2037,2152,2066,1855,2107,2007,2228,2061,2283,2005,2072,1736,1905,2112,1929,1912,1997,1980,2124,2116,2059,2007,1883,2177,2023,1837,2003,2142,1943,2251,2095,1789,1962,1672,2069,1998,2119,1959,1998,2063,1942,1950,2102,1970,2043,1967,1870,1799,1864,2133,1975,2006,1993,2013,2079,2185,1977,1899,2114,2062,1966,1911,2003,2046,2140,1977,1929,2099,2059,1942,2080,1913,1932,1987,2112,1989,2009,1906,2083,1962,2171,1896,1915,2110,1956,1854,2116
1934,1849,2057,1853,1991,1925,1866,2081,2339,1873,1961,1817,2093,1856,1988,1920,1680,2019,1824,2094,1932,2161,1856,1886,1697,1826,1935,1791,1792,1859,1970,1959,1956,1836,1882,1829,1967,1855,1851,1907,1994,1700,2098,2063,1691,1788,1627,1989,1866,1884,1894,1865,1877,1751,1939,1885,1815,1921,1877,1875,1805,1846,1982,1861,1845,1920,1834,2031,2098,1814,1789,1927,1869,1924,1830,1888,1870,1983,1777,1884,1881,1916,1781,1927,1753,1864,1805,1907,1887,1815,1870,2040,1870,2058,1797,1834,1850,1827,1794,1997
1983,1872,1990,1733,1938,1967,1830,2076,1873,2258,1956,1895,2077,1923,2004,2009,1736,1996,1893,2115,1955,2097,1791,1863,1621,1795,1965,1784,1822,1867,1838,1884,1940,1867,1972,1835,2023,1794,1689,1879,1957,1794,2081,1982,1678,1912,1574,1899,1801,1917,1816,1810,1808,1830,1772,1958,1815,1919,1864,1831,1704,1761,1888,1729,1880,1833,1760,2011,2058,1848,1752,2044,1977,1834,1802,1908,1925,1949,1814,1779,2013,1914,1820,1930,1792,1778,1835,1906,1875,1719,1854,1972,1819,2014,1880,1834,1886,1841,1720,1861
2025,1950,2122,1827,1942,1960,1878,2126,1961,1956,2453,1884,2109,1967,1980,1948,1748,2098,1957,2102,1889,2222,1946,1990,1682,1821,2014,1829,1752,1974,1909,2048,1986,1938,1962,1869,2109,1883,1770,1933,2048,1838,2072,2000,1742,1976,1621,1925,1909,1962,1961,1891,1821,1843,1848,1993,1943,1846,1941,1889,1791,1812,2062,1880,1918,1785,1946,2106,2139,1878,1806,2081,2000,1959,1842,1886,1965,1889,1810,1849,1896,1960,1850,2042,1859,1854,1872,1940,1888,1815,1936,2078,1930,2072,1793,1812,2059,1868,1813,2042
1927,1779,1930,1686,1878,1857,1819,1910,1817,1895,1884,2217,1975,1801,1892,1852,1571,1868,1763,2043,1796,1973,1792,1720,1565,1682,1862,1750,1745,1783,1822,1898,1826,1872,1872,1864,1911,1767,1764,1903,1922,1639,2037,1860,1701,1839,1486,1795,1754,1815,1741,1639,1743,1773,1728,1857,1754,1871,1869,1796,1726,1723,1807,1713,1799,1725,1782,1985,1921,1750,1764,1947,1844,1796,1671,1871,1806,1835,1700,1774,1865,1815,1735,1880,1726,1851,1743,1906,1761,1655,1842,1860,1800,1916,1793,1830,1775,1736,1729,1845
2025,1910,2121,1916,2089,2014,1915,2265,2093,2077,2109,1975,2705,2006,2104,2092,1862,2205,2054,2160,2029,2309,1999,2087,1712,1883,2069,1865,1931,2003,2069,2100,2091,2037,2020,1893,2179,2031,1912,2036,2247,1863,2212,2125,1820,1975,1697,2026,1896,2069,2014,2045,1900,1973,1915,2036,1882,2034,1955,2013,1843,1860,2113,1923,2086,1961,1971,2183,2154,1971,1973,2244,2046,2002,1936,2001,2009,2142,1936,1983,2022,2106,1873,2066,1940,1901,1961,2036,1970,1925,1941,2061,2017,2111,1891,1926,2101,1966,1923,2158
1999,1923,2010,1849,1981,1992,1879,2037,1856,1923,1967,1801,2006,2343,1974,1967,1749,1954,1915,2081,1884,2096,1752,1873,1578,1742,1963,1788,1789,1913,1786,1902,2059,1831,1961,1784,2074,1929,1779,1872,1911,1792,2077,1924,1803,1864,1669,1903,1866,1937,1939,1822,1840,1732,1749,1894,1870,1923,1862,1822,1745,1781,1877,1800,1924,1779,1779,2021,2149,1780,1681,2036,1974,1892,1837,1999,1921,1941,1824,1816,1963,1917,1745,1979,1882,1822,1773,1900,1872,1785,1823,1991,1915,1974,1858,1906,1949,1921,1823,1941
1993,1891,2018,1879,1918,1968,1899,2152,1988,2004,1980,1892,2104,1974,2344,1927,1776,2003,1830,2156,1911,2183,1827,1872,1674,1810,2082,1860,1795,1935,1905,1998,2004,1847,1972,1895,2025,1885,1796,1960,2000,1810,2115,1969,1757,1885,1627,1995,1877,1939,1935,1849,1870,1870,1899,1987,1839,1928,1907,1905,1737,1875,2007,1782,1887,1865,1816,2016,2127,1803,1781,2034,1874,1900,1845,1992,1914,1993,1833,1858,1923,1942,1843,1978,1761,1820,1921,1940,1932,1816,1818,1994,1868,2025,1800,1910,1964,1817,1862,1999
2020,1822,1999,1837,1977,1946,1903,2066,1920,2009,1948,1852,2092,1967,1927,2284,1635,2020,1864,2164,1933,2096,1856,1895,1712,1798,1946,1786,1788,1961,1844,1941,1992,1942,1914,1803,2108,1839,1809,1920,1988,1814,2046,1963,1755,1841,1633,1935,1938,1985,1953,1831,1768,1761,1808,1943,1812,1928,1990,1830,1730,1766,1922,1815,1837,1906,1837,1991,2022,1780,1818,1996,1947,1853,1829,1917,1841,1956,1849,1850,1976,1982,1748,1981,1812,1834,1752,1977,1845,1772,1839,1980,1919,2023,1817,1860,1899,1856,1769,1978
1728,1585,1821,1637,1763,1674,1667,1855,1680,1736,1748,1571,1862,1749,1776,1635,1933,1760,1696,1829,1716,1887,1597,1714,1407,1601,1699,1582,1620,1680,1691,1733,1777,1673,1695,1576,1846,1702,1583,1650,1767,1601,1784,1763,1482,1715,1385,1789,1595,1761,1637,1676,1567,1635,1627,1652,1686,1711,1650,1590,1558,1587,1712,1627,1733,1674,1625,1758,1859,1687,1633,1791,1745,1643,1640,1795,1668,1758,1571,1613,1744,1750,1674,1715,1610,1603,1595,1614,1671,1645,1641,1734,1639,1880,1586,1580,1741,1585,1543,1701
2084,1890,2115,1942,2044,1914,1886,2107,2019,1996,2098,1868,2205,1954,2003,2020,1760,2591,1920,2209,1987,2252,2024,1872,1754,1951,2022,1800,1849,1935,1987,2050,2023,1926,1935,1784,2111,2012,1779,1873,2071,1791,2072,2058,1717,1972,1637,2042,1889,1943,1952,1947,1916,1816,1806,1943,1951,1937,1949,1786,1777,1847,2027,1829,1982,1964,1963,2122,2081,1961,1840,2077,1995,2023,1867,1907,1946,1983,1861,1902,1995,2074,1837,1961,1865,1854,1910,1981,1907,1801,1835,2025,1964,2053,1864,1801,1998,1858,1907,2094
1975,1775,2017,1644,1855,1872,1714,2007,1824,1893,1957,1763,2054,1915,1830,1864,1696,1920,2217,2000,1857,2049,1801,1825,1536,1701,1810,1763,1705,1827,1858,1890,1996,1854,1854,1697,1980,1845,1696,1778,1929,1762,2035,1885,1720,1826,1529,1819,1783,1901,1790,1774,1759,1787,1713,1854,1820,1900,1807,1800,1653,1718,1872,1783,1857,1773,1801,1966,2029,1704,1700,1911,1944,1867,1637,1836,1885,1853,1741,1742,1891,1920,1779,1910,1780,1746,1771,1828,1785,1722,1762,1881,1823,1907,1722,1713,1940,1845,1707,1848
2119,2034,2186,1996,2108,2086,2093,2228,2094,2115,2102,2043,2160,2081,2156,2164,1829,2209,2000,2618,2096,2249,2068,2018,1866,1924,2073,1945,1939,2066,1971,2080,2081,2032,2071,1916,2204,1983,1933,2040,2111,1921,2203,2139,1835,2009,1695,2048,1951,2072,2045,2009,1933,1911,1939,2095,2005,2036,2063,1914,1847,1983,2134,1964,1975,2043,1969,2167,2226,1910,1972,2148,2064,2021,1889,2060,2071,2110,1999,2009,2098,2139,1865,2085,1935,2000,1901,2041,1993,1906,2000,2128,2082,2165,1983,2080,2057,1976,1987,2198
2047,1927,1985,1865,2010,2011,1860,2061,1932,1955,1889,1796,2029,1884,1911,1933,1716,1987,1857,2096,2330,2097,1844,1952,1648,1851,1973,1812,1819,1855,1810,1923,1980,1876,1896,1797,2001,1874,1757,1980,2035,1839,2152,2052,1731,1969,1604,2035,1831,1949,1885,1841,1775,1878,1833,1930,1761,1909,1885,1872,1744,1804,1915,1910,1822,1829,1802,1992,2008,1805,1840,1921,1945,1880,1899,1957,1815,1995,1786,1782,2086,1984,1898,1915,1880,1825,1874,1837,1890,1849,1888,1966,1908,2021,1839,1811,1918,1884,1784,1992
2189,2044,2262,2035,2170,2048,2058,2283,2161,2097,2222,1973,2309,2096,2183,2096,1887,2252,2049,2249,2097,2733,2046,2052,1870,1973,2243,1990,1962,2091,2066,2186,2208,2075,2136,1980,2240,2093,1944,2069,2252,1955,2293,2150,1858,2109,1774,2137,2068,2192,2058,2006,1967,1961,2001,2162,2040,2052,2053,1991,1856,1971,2159,2022,2082,2039,2105,2232,2287,1978,2035,2197,2129,2105,2054,2032,2043,2164,1996,1971,2100,2143,1980,2154,1968,1898,2019,2140,2024,2028,2011,2155,2002,2187,2002,2057,2165,2046,2012,2128
1961,1833,1963,1695,1881,1808,1801,2005,1856,1791,1946,1792,1999,1752,1827,1856,1597,2024,1801,2068,1844,2046,2251,1818,1589,1744,1803,1742,1710,1785,1805,1947,1870,1901,1872,1717,1840,1759,1734,1764,1920,1630,2013,1940,1680,1763,1514,1826,1782,1829,1836,1741,1760,1725,1785,1873,1713,1768,1819,1652,1647,1642,1867,1791,1758,1733,1819,1938,1989,1714,1766,1901,1903,1756,1690,1754,1724,1879,1738,1692,1825,1855,1724,1854,1720,1789,1677,1745,1756,1728,1822,1853,1736,1948,1711,1722,1880,1839,1698,1975
1906,1834,1992,1811,1907,1885,1858,2072,1886,1863,1990,1720,2087,1873,1872,1895,1714,1872,1825,2018,1952,2052,1818,2243,1578,1739,1893,1729,1772,1873,1877,1913,1952,1799,1868,1793,2033,1786,1709,1913,2037,1771,2061,1980,1723,1873,1642,1928,1804,1967,1865,1831,1734,1826,1823,1929,1729,1832,1865,1789,1693,1766,1920,1842,1851,1823,1763,1982,2029,1749,1733,1953,1872,1760,1808,1924,1835,1888,1758,1732,1976,1867,1816,1935,1831,1728,1762,1864,1805,1785,1798,1920,1901,2045,1677,1811,1963,1836,1707,1994
1689,1529,1787,1614,1676,1733,1683,1736,1697,1621,1682,1565,1712,1578,1674,1712,1407,1754,1536,1866,1648,1870,1589,1578,1824,1583,1618,1498,1498,1606,1575,1710,1710,1628,1635,1587,1740,1607,1572,1698,1722,1577,1696,1689,1471,1533,1309,1560,1651,1654,1592,1550,1555,1534,1617,1618,1618,1618,1615,1598,1421,1568,1654,1582,1590,1628,1535,1689,1771,1615,1555,1631,1575,1570,1541,1626,1559,1698,1628,1589,1590,1755,1490,1703,1526,1610,1484,1657,1505,1588,1572,1685,1664,1623,1558,1612,1624,1518,1555,1660
1888,1726,1868,1749,1796,1754,1695,1905,1826,1795,1821,1682,1883,1742,1810,1798,1601,1951,1701,1924,1851,1973,1744,1739,1583,2100,1776,1514,1643,1765,1756,1793,1845,1736,1780,1641,1793,1746,1628,1779,1788,1589,1904,1822,1600,1744,1432,1832,1700,1770,1706,1714,1661,1665,1706,1773,1667,1701,1712,1676,1555,1636,1807,1688,1711,1703,1719,1847,1835,1731,1658,1766,1787,1748,1672,1746,1745,1819,1578,1691,1748,1762,1633,1808,1683,1718,1619,1731,1730,1652,1691,1814,1742,1807,1674,1694,1780,1701,1607,1795
2029,1943,2087,1910,1992,1968,1906,2112,1935,1965,2014,1862,2069,1963,2082,1946,1699,2022,1810,2073,1973,2243,1803,1893,1618,1776,2385,1823,1788,1953,1891,1999,2002,1889,1939,1913,2085,1918,1748,1873,2055,1856,2149,1966,1718,1909,1697,1961,1968,1934,1886,1817,1770,1810,1888,2017,1797,1913,1927,1851,1752,1920,1976,1755,1842,1824,1912,1988,2003,1891,1839,2073,1924,1937,1865,1953,1878,1979,1787,1866,1957,1966,1857,1971,1849,1769,1899,1992,1862,1807,1832,2030,1862,2033,1859,1854,1994,1868,1884,1956
1937,1800,1959,1649,1804,1830,1807,1929,1791,1784,1829,1750,1865,1788,1860,1786,1582,1800,1763,1945,1812,1990,1742,1729,1498,1514,1823,2043,1635,1745,1694,1819,1923,1759,1806,1679,1875,1718,1755,1764,1865,1713,1926,1880,1598,1755,1510,1749,1776,1812,1799,1698,1678,1691,1694,1761,1710,1815,1785,1757,1612,1718,1760,1709,1802,1672,1696,1878,1962,1693,1643,1817,1873,1753,1712,1796,1755,1853,1668,1653,1851,1845,1711,1816,1678,1685,1707,1747,1771,1712,1727,1804,1742,1913,1643,1723,1798,1664,1682,1845
1852,1762,1907,1685,1810,1768,1728,1912,1792,1822,1752,1745,1931,1789,1795,1788,1620,1849,1705,1939,1819,1962,1710,1772,1498,1643,1788,1635,1940,1736,1768,1804,1819,1787,1834,1701,1839,1688,1717,1751,1878,1594,1947,1831,1581,1751,1471,1809,1609,1820,1673,1664,1695,1693,1626,1786,1708,1763,1758,1735,1562,1627,1745,1729,1749,1715,1735,1911,1881,1719,1666,1803,1820,1747,1618,1843,1753,1773,1674,1697,1876,1851,1660,1787,1667,1640,1677,1745,1748,1710,1714,1838,1761,1910,1711,1708,1709,1749,1684,1830
1934,1819,2010,1832,1843,1901,1862,1997,1859,1867,1974,1783,2003,1913,1935,1961,1680,1935,1827,2066,1855,2091,1785,1873,1606,1765,1953,1745,1736,2271,1851,1876,1928,1819,1905,1746,2004,1834,1822,1870,1886,1683,1975,1926,1725,1831,1568,1978,1837,1964,1830,1778,1786,1717,1776,1790,1828,1818,1864,1783,1639,1813,1944,1817,1812,1775,1762,1986,2014,1696,1821,2018,1892,1837,1723,1845,1866,1916,1785,1809,1861,1921,1730,1936,1737,1760,1700,1878,1833,1738,1826,1957,1731,2025,1764,1793,1952,1819,1735,1859
1916,1726,1942,1734,1838,1833,1777,1980,1970,1838,1909,1822,2069,1786,1905,1844,1691,1987,1858,1971,1810,2066,1805,1877,1575,1756,1891,1694,1768,1851,2196,1976,1893,1767,1866,1759,1974,1799,1740,1783,1939,1624,2030,1925,1686,1820,1559,1931,1817,1880,1802,1775,1789,1810,1848,1815,1787,1887,1812,1777,1738,1701,1886,1800,1872,1800,1737,1953,1968,1708,1718,1946,1784,1832,1714,1819,1879,1885,1719,1702,1812,1885,1715,1875,1742,1829,1778,1866,1777,1762,1822,1902,1787,1998,1700,1749,1886,1750,1693,1869
2058,1868,2048,1828,2020,2022,1938,2124,1959,1884,2048,1898,2100,1902,1998,1941,1733,2050,1890,2080,1923,2186,1947,1913,1710,1793,1999,1819,1804,1876,1976,2362,2014,1937,1954,1853,2037,1924,1838,1919,2058,1840,2137,1982,1780,1905,1633,1943,1993,2016,1973,1874,1860,1908,1902,2062,1841,1905,1900,1823,1809,1834,2000,1838,1937,1853,1902,2043,2064,1816,1860,2049,1900,1829,1897,1904,1951,1908,1798,1854,1872,2078,1831,2059,1847,1815,1899,2005,1911,1870,1825,1979,1890,1976,1796,1867,2041,1877,1844,2113
2093,1982,2072,1856,2036,2046,1986,2116,1956,1940,1986,1826,2091,2059,2004,1992,1777,2023,1996,2081,1980,2208,1870,1952,1710,1845,2002,1923,1819,1928,1893,2014,2461,1943,1954,1906,2040,1884,1872,1915,2045,1861,2181,2040,1795,1882,1678,1956,1982,2088,1935,1908,1903,1776,1800,1962,1929,1976,1937,1905,1785,1874,1982,1910,2011,1892,1946,2013,2146,1865,1766,2024,2041,1854,1867,2006,1998,2021,1828,1852,2016,2092,1860,2074,1892,1836,1883,1954,1970,1912,1869,2073,1972,2040,1851,1920,2029,1949,1850,2006
1907,1778,1980,1760,1858,1892,1763,2059,1836,1867,1938,1872,2037,1831,1847,1942,1673,1926,1854,2032,1876,2075,1901,1799,1628,1736,1889,1759,1787,1819,1767,1937,1943,2256,1862,1818,1865,1877,1836,1867,1928,1681,2021,1938,1685,1776,1555,1800,1758,1873,1887,1762,1753,1758,1833,1971,1759,1871,1873,1780,1658,1710,1904,1852,1846,1769,1886,1923,1929,1837,1796,1892,1934,1822,1771,1875,1788,1858,1791,1780,1937,1860,1808,1968,1753,1835,1734,1921,1803,1856,1844,1923,1820,1933,1725,1746,1809,1749,1760,1911
1963,1858,2041,1764,1933,1981,1933,2007,1882,1972,1962,1872,2020,1961,1972,1914,1695,1935,1854,2071,1896,2136,1872,1868,1635,1780,1939,1806,1834,1905,1866,1954,1954,1862,2290,1829,1970,1811,1783,1894,1940,1804,2019,1999,1746,1877,1576,1909,1833,1946,1885,1876,1849,1757,1792,1912,1835,1895,1937,1832,1670,1743,1932,1809,1864,1756,1815,2038,2100,1763,1776,2015,1903,1852,1804,1947,1818,1885,1833,1755,1978,2000,1846,1875,1718,1804,1765,1881,1883,1761,1857,1978,1848,2047,1849,1862,1885,1799,1770,1934
1867,1769,1932,1742,1880,1909,1816,1883,1829,1835,1869,1864,1893,1784,1895,1803,1576,1784,1697,1916,1797,1980,1717,1793,1587,1641,1913,1679,1701,1746,1759,1853,1906,1818,1829,2103,1845,1679,1721,1785,1854,1648,1975,1856,1676,1766,1571,1716,1729,1741,1768,1666,1689,1704,1758,1812,1764,1778,1820,1823,1679,1748,1780,1699,1751,1685,1727,1934,1883,1785,1683,1916,1817,1711,1766,1911,1745,1793,1714,1730,1825,1845,1722,1894,1728,1700,1700,1812,1793,1729,1719,1772,1794,1875,1660,1687,1749,1728,1735,1853
2070,1860,2121,1942,2055,1963,1935,2177,1967,2023,2109,1911,2179,2074,2025,2108,1846,2111,1980,2204,2001,2240,1840,2033,1740,1793,2085,1875,1839,2004,1974,2037,2040,1865,1970,1845,2473,1996,1781,1992,2060,1948,2086,1991,1729,1999,1656,2009,1967,2075,1902,1866,1896,1851,1857,1953,1960,2014,2023,1910,1816,1907,2034,1879,2016,1915,1935,2142,2119,1850,1863,2119,2007,1988,1875,2014,1973,2015,1900,1918,2023,2055,1904,1960,1915,1872,1908,2025,1897,1867,1903,2081,2027,2124,1853,1927,2101,1909,1882,2052
1897,1765,1968,1799,1888,1851,1813,2023,1855,1794,1883,1767,2031,1929,1885,1839,1702,2012,1845,1983,1874,2093,1759,1786,1607,1746,1918,1718,1688,1834,1799,1924,1884,1877,1811,1679,1996,2300,1781,1840,1950,1792,1911,1916,1570,1809,1497,1896,1821,1879,1875,1792,1765,1777,1796,1948,1816,1853,1791,1755,1714,1708,1880,1745,1899,1795,1786,1983,2024,1867,1787,1875,1793,1858,1816,1916,1797,1820,1793,1823,1791,1928,1734,1985,1737,1778,1782,1868,1802,1739,1740,1911,1867,1876,1705,1792,1885,1786,1747,1894
1810,1782,1932,1700,1832,1795,1837,1837,1851,1689,1770,1764,1912,1779,1796,1809,1583,1779,1696,1933,1757,1944,1734,1709,1572,1628,1748,1755,1717,1822,1740,1838,1872,1836,1783,1721,1781,1781,2114,1800,1870,1615,1914,1894,1567,1714,1561,1767,1767,1834,1825,1766,1711,1669,1716,1769,1748,1831,1753,1821,1595,1691,1841,1763,1746,1685,1789,1891,1873,1747,1769,1796,1838,1757,1657,1895,1695,1799,1665,1764,1785,1815,1666,1883,1640,1784,1631,1746,1847,1741,1736,1879,1828,1865,1648,1663,1751,1739,1717,1827
1930,1716,1982,1870,1974,1920,1819,2003,1907,1879,1933,1903,2036,1872,1960,1920,1650,1873,1778,2040,1980,2069,1764,1913,1698,1779,1873,1764,1751,1870,1783,1919,1915,1867,1894,1785,1992,1840,1800,2325,2024,1773,2061,1968,1729,1852,1584,1929,1786,1922,1921,1810,1817,1814,1792,1884,1767,1871,1882,1896,1724,1763,1919,1785,1877,1773,1764,2010,2055,1828,1760,1960,1913,1805,1769,1940,1785,1859,1762,1817,1948,1865,1796,1908,1783,1748,1803,1920,1785,1676,1811,1935,1886,1882,1731,1804,1905,1811,1755,1914
2036,1913,2076,1907,2053,1937,1944,2142,1994,1957,2048,1922,2247,1911,2000,1988,1767,2071,1929,2111,2035,2252,1920,2037,1722,1788,2055,1865,1878,1886,1939,2058,2045,1928,1940,1854,2060,1950,1870,2024,2499,1862,2155,2093,1837,1908,1700,1971,1868,1990,1966,1902,1877,1956,1888,2002,1836,2022,1918,1935,1782,1843,2032,1861,1927,1939,1946,2107,2127,2002,1931,2102,1995,1940,1855,2105,1852,2025,1851,1925,1999,2022,1944,1994,1872,1871,1928,1963,1951,1851,1816,2077,1978,2097,1850,1890,2078,1972,1863,2140
1876,1737,1902,1680,1777,1831,1806,1943,1700,1794,1838,1639,1863,1792,1810,1814,1601,1791,1762,1921,1839,1955,1630,1771,1577,1589,1856,1713,1594,1683,1624,1840,1861,1681,1804,1648,1948,1792,1615,1773,1862,2112,1937,1785,1536,1791,1485,1746,1843,1853,1786,1672,1728,1675,1636,1846,1668,1734,1705,1740,1607,1681,1757,1651,1646,1648,1669,1842,1915,1672,1670,1843,1826,1639,1730,1795,1692,1756,1666,1713,1863,1879,1675,1793,1675,1652,1743,1744,1766,1709,1669,1853,1789,1819,1698,1664,1847,1668,1672,1851
2233,2104,2160,1973,2137,2103,2026,2251,2098,2081,2072,2037,2212,2077,2115,2046,1784,2072,2035,2203,2152,2293,2013,2061,1696,1904,2149,1926,1947,1975,2030,2137,2181,2021,2019,1975,2086,1911,1914,2061,2155,1937,2672,2136,1952,2002,1876,2104,2034,2039,2016,1976,1962,2051,1935,2066,1925,2029,2013,1931,1896,1842,2015,1990,1959,1961,2034,2139,2218,1853,1879,2170,2143,1954,1903,2039,2075,2151,1888,1926,2085,2087,1992,2136,1945,1931,2007,2049,2034,2013,1978,2132,1973,2168,1974,1950,2038,2052,1884,2090
2035,1960,2054,1864,2017,1997,1898,2095,2063,1982,2000,1860,2125,1924,1969,1963,1763,2058,1885,2139,2052,2150,1940,1980,1689,1822,1966,1880,1831,1926,1925,1982,2040,1938,1999,1856,1991,1916,1894,1968,2093,1785,2136,2369,1704,1889,1709,1984,1913,1904,1939,1945,1868,1775,1939,1965,1839,1921,1902,1783,1736,1854,1947,1899,1855,1917,1847,2047,2119,1906,1844,2044,1979,1905,1899,1996,1866,1986,1846,1871,2019,2000,1910,1988,1817,1861,1864,1897,1953,1803,1963,2066,1957,2073,1852,1835,1942,1889,1764,1948
1792,1668,1822,1653,1770,1709,1729,1789,1691,1678,1742,1701,1820,1803,1757,1755,1482,1717,1720,1835,1731,1858,1680,1723,1471,1600,1718,1598,1581,1725,1686,1780,1795,1685,1746,1676,1729,1570,1567,1729,1837,1536,1952,1704,1942,1706,1495,1723,1669,1746,1740,1620,1582,1674,1657,1745,1537,1752,1684,1699,1574,1601,1762,1655,1652,1585,1591,1748,1949,1571,1600,1774,1704,1641,1592,1730,1704,1736,1582,1604,1720,1776,1645,1817,1711,1651,1587,1723,1677,1622,1631,1702,1658,1807,1615,1714,1730,1759,1621,1776
1970,1804,1958,1793,1879,1868,1849,1962,1788,1912,1976,1839,1975,1864,1885,1841,1715,1972,1826,2009,1969,2109,1763,1873,1533,1744,1909,1755,1751,1831,1820,1905,1882,1776,1877,1766,1999,1809,1714,1852,1908,1791,2002,1889,1706,2176,1511,1865,1770,1949,1831,1820,1733,1800,1678,1928,1841,1861,1816,1801,1711,1716,1848,1782,1885,1758,1791,1942,2003,1801,1741,1917,1887,1858,1780,1847,1839,1822,1659,1729,1993,1907,1819,1902,1819,1720,1804,1830,1862,1790,1782,1883,1853,1982,1768,1723,1941,1743,1696,1856
1665,1577,1593,1586,1707,1590,1539,1672,1627,1574,1621,1486,1697,1669,1627,1633,1385,1637,1529,1695,1604,1774,1514,1642,1309,1432,1697,1510,1471,1568,1559,1633,1678,1555,1576,1571,1656,1497,1561,1584,1700,1485,1876,1709,1495,1511,1734,1564,1609,1558,1585,1520,1520,1564,1508,1635,1451,1585,1569,1562,1513,1546,1587,1497,1417,1546,1547,1668,1723,1421,1509,1752,1635,1545,1493,1670,1575,1666,1559,1514,1605,1572,1514,1662,1495,1431,1469,1631,1585,1540,1490,1668,1542,1657,1443,1500,1542,1608,1473,1627
1929,1860,2075,1862,1975,1896,1787,2069,1989,1899,1925,1795,2026,1903,1995,1935,1789,2042,1819,2048,2035,2137,1826,1928,1560,1832,1961,1749,1809,1978,1931,1943,1956,1800,1909,1716,2009,1896,1767,1929,1971,1746,2104,1984,1723,1865,1564,2393,1931,1955,1840,1867,1769,1805,1866,1884,1739,1939,1926,1758,1733,1750,1898,1812,1833,1862,1778,2062,2021,1745,1874,1927,1928,1903,1824,1913,1768,1898,1780,1755,2023,1959,1847,1992,1794,1779,1800,1950,1856,1729,1874,2016,1790,2074,1843,1817,1994,1870,1832,1962
1977,1823,1975,1794,1933,1889,1854,1998,1866,1801,1909,1754,1896,1866,1877,1938,1595,1889,1783,1951,1831,2068,1782,1804,1651,1700,1968,1776,1609,1837,1817,1993,1982,1758,1833,1729,1967,1821,1767,1786,1868,1843,2034,1913,1669,1770,1609,1931,2213,1909,1835,1794,1726,1708,1811,1884,1736,1862,1796,1711,1630,1678,1846,1803,1752,1781,1787,1849,1995,1699,1696,1898,1788,1794,1749,1757,1780,1870,1727,1716,1849,1888,1740,1964,1749,1744,1698,1951,1803,1698,1740,1953,1821,1976,1711,1811,1929,1720,1719,1885
1981,1893,2058,1785,1991,1918,1993,2119,1884,1917,1962,1815,2069,1937,1939,1985,1761,1943,1901,2072,1949,2192,1829,1967,1654,1770,1934,1812,1820,1964,1880,2016,2088,1873,1946,1741,2075,1879,1834,1922,1990,1853,2039,1904,1746,1949,1558,1955,1909,2357,1873,1819,1834,1832,1818,1957,1911,1899,1914,1901,1710,1773,2015,1859,1956,1837,1903,1952,2072,1745,1822,1980,1905,1763,1765,1932,1908,1947,1882,1833,2032,1985,1791,1935,1828,1805,1787,1957,1919,1813,1809,1925,1849,1997,1843,1919,1970,1883,1789,2022
1948,1815,1979,1844,1881,1979,1931,1959,1894,1816,1961,1741,2014,1939,1935,1953,1637,1952,1790,2045,1885,2058,1836,1865,1592,1706,1886,1799,1673,1830,1802,1973,1935,1887,1885,1768,1902,1875,1825,1921,1966,1786,2016,1939,1740,1831,1585,1840,1835,1873,2304,1894,1720,1738,1809,1937,1834,1878,1856,1780,1779,1748,1937,1822,1868,1755,1773,1934,2084,1792,1760,1948,1823,1801,1872,1864,1851,1880,1698,1764,1847,1975,1793,2023,1805,1833,1822,1901,1886,1791,1759,1938,1916,1986,1662,1778,1893,1814,1809,2070
1835,1775,1910,1899,1841,1839,1836,1998,1865,1810,1891,1639,2045,1822,1849,1831,1676,1947,1774,2009,1841,2006,1741,1831,1550,1714,1817,1698,1664,1778,1775,1874,1908,1762,1876,1666,1866,1792,1766,1810,1902,1672,1976,1945,1620,1820,1520,1867,1794,1819,1894,2214,1722,1740,1706,1825,1821,1814,1789,1781,1650,1648,1950,1823,1831,1793,1802,1898,2035,1871,1724,1902,1801,1831,1756,1805,1788,1883,1682,1745,1827,1923,1681,1901,1678,1727,1762,1844,1863,1743,1638,1905,1870,1967,1645,1682,1879,1703,1738,1923
1854,1710,1852,1692,1785,1809,1773,2063,1877,1808,1821,1743,1900,1840,1870,1768,1567,1916,1759,1933,1775,1967,1760,1734,1555,1661,1770,1678,1695,1786,1789,1860,1903,1753,1849,1689,1896,1765,1711,1817,1877,1728,1962,1868,1582,1733,1520,1769,1726,1834,1720,1722,2198,1676,1717,1766,1800,1827,1701,1740,1636,1580,1870,1794,1774,1709,1803,1855,1904,1666,1592,1936,1819,1720,1621,1885,1783,1841,1691,1675,1850,1808,1674,1756,1552,1745,1704,1794,1783,1760,1668,1968,1760,1858,1686,1654,1841,1716,1604,1862
1918,1702,1862,1700,1795,1773,1742,1942,1751,1830,1843,1773,1973,1732,1870,1761,1635,1816,1787,1911,1878,1961,1725,1826,1534,1665,1810,1691,1693,1717,1810,1908,1776,1758,1757,1704,1851,1777,1669,1814,1956,1675,2051,1775,1674,1800,1564,1805,1708,1832,1738,1740,1676,2157,1727,1833,1676,1817,1723,1822,1686,1628,1740,1708,1745,1769,1736,1880,1953,1699,1711,1875,1852,1771,1658,1830,1848,1826,1678,1692,1816,1788,1676,1937,1677,1679,1718,1819,1767,1756,1632,1779,1729,1839,1630,1695,1832,1720,1624,1871
1806,1700,1913,1745,1836,1817,1772,1950,1939,1772,1848,1728,1915,1749,1899,1808,1627,1806,1713,1939,1833,2001,1785,1823,1617,1706,1888,1694,1626,1776,1848,1902,1800,1833,1792,1758,1857,1796,1716,1792,1888,1636,1935,1939,1657,1678,1508,1866,1811,1818,1809,1706,1717,1727,2119,1868,1674,1840,1800,1716,1647,1726,1815,1719,1779,1744,1747,1797,1955,1663,1665,1837,1702,1737,1782,1809,1711,1874,1677,1694,1760,1767,1747,1848,1724,1765,1684,1789,1732,1702,1757,1851,1759,1891,1664,1754,1820,1674,1683,1905
1954,1903,2033,1804,1960,1908,1837,2102,1885,1958,1993,1857,2036,1894,1987,1943,1652,1943,1854,2095,1930,2162,1873,1929,1618,1773,2017,1761,1786,1790,1815,2062,1962,1971,1912,1812,1953,1948,1769,1884,2002,1846,2066,1965,1745,1928,1635,1884,1884,1957,1937,1825,1766,1833,1868,2353,1753,1841,1885,1811,1737,1821,1992,1793,1849,1849,1874,1985,2054,1809,1792,1966,1891,1822,1845,1912,1837,1857,1755,1841,1954,1909,1809,2011,1836,1738,1811,1956,1884,1787,1866,1954,1895,1926,1813,1853,1886,1893,1743,2001
1942,1782,1987,1813,1859,1902,1880,1970,1815,1815,1943,1754,1882,1870,1839,1812,1686,1951,1820,2005,1761,2040,1713,1729,1618,1667,1797,1710,1708,1828,1787,1841,1929,1759,1835,1764,1960,1816,1748,1767,1836,1668,1925,1839,1537,1841,1451,1739,1736,1911,1834,1821,1800,1676,1674,1753,2185,1843,1841,1716,1557,1651,1861,1754,1870,1818,1820,1929,1993,1772,1639,1887,1790,1810,1607,1845,1797,1867,1754,1766,1846,1908,1684,1852,1731,1745,1723,1857,1793,1750,1711,1838,1872,1944,1691,1754,1842,1689,1678,1872
1990,1756,2047,1763,1909,1945,1837,2043,1921,1919,1846,1871,2034,1923,1928,1928,1711,1937,1900,2036,1909,2052,1768,1832,1618,1701,1913,1815,1763,1818,1887,1905,1976,1871,1895,1778,2014,1853,1831,1871,2022,1734,2029,1921,1752,1861,1585,1939,1862,1899,1878,1814,1827,1817,1840,1841,1843,2257,1845,1878,1697,1717,1909,1804,1903,1792,1818,1956,2021,1794,1779,1882,1972,1896,1808,1944,1799,1916,1765,1754,1985,1973,1874,1967,1816,1872,1730,1972,1888,1738,1773,1969,1841,2029,1768,1837,1931,1851,1798,1919
1928,1774,1997,1841,1984,1945,1865,1967,1877,1864,1941,1869,1955,1862,1907,1990,1650,1949,1807,2063,1885,2053,1819,1865,1615,1712,1927,1785,1758,1864,1812,1900,1937,1873,1937,1820,2023,1791,1753,1882,1918,1705,2013,1902,1684,1816,1569,1926,1796,1914,1856,1789,1701,1723,1800,1885,1841,1845,2193,1779,1687,1758,1927,1775,1822,1837,1779,1959,1986,1743,1790,1948,1887,1835,1751,1870,1763,1876,1793,1803,1921,1908,1779,1885,1772,1771,1728,1887,1782,1728,1851,1885,1830,1959,1754,1834,1845,1740,1728,1960
1834,1738,1864,1727,1800,1802,1814,1870,1875,1831,1889,1796,2013,1822,1905,1830,1590,1786,1800,1914,1872,1991,1652,1789,1598,1676,1851,1757,1735,1783,1777,1823,1905,1780,1832,1823,1910,1755,1821,1896,1935,1740,1931,1783,1699,1801,1562,1758,1711,1901,1780,1781,1740,1822,1716,1811,1716,1878,1779,2273,1636,1736,1902,1673,1794,1701,1777,1935,1938,1793,1719,1868,1888,1800,1754,1867,1790,1832,1680,1759,1817,1841,1678,1819,1773,1729,1672,1824,1858,1793,1701,1842,1843,1852,1650,1768,1757,1767,1839,1907
1771,1544,1775,1652,1800,1746,1702,1799,1805,1704,1791,1726,1843,1745,1737,1730,1558,1777,1653,1847,1744,1856,1647,1693,1421,1555,1752,1612,1562,1639,1738,1809,1785,1658,1670,1679,1816,1714,1595,1724,1782,1607,1896,1736,1574,1711,1513,1733,1630,1710,1779,1650,1636,1686,1647,1737,1557,1697,1687,1636,1963,1616,1702,1637,1696,1599,1625,1828,1878,1652,1625,1789,1757,1606,1725,1728,1728,1734,1556,1669,1654,1794,1607,1774,1652,1669,1690,1660,1693,1648,1681,1718,1629,1835,1608,1593,1670,1694,1591,1818
1852,1815,1958,1712,1836,1842,1711,1864,1846,1761,1812,1723,1860,1781,1875,1766,1587,1847,1718,1983,1804,1971,1642,1766,1568,1636,1920,1718,1627,1813,1701,1834,1874,1710,1743,1748,1907,1708,1691,1763,1843,1681,1842,1854,1601,1716,1546,1750,1678,1773,1748,1648,1580,1628,1726,1821,1651,1717,1758,1736,1616,2122,1885,1616,1699,1700,1692,1859,1921,1690,1707,1883,1740,1731,1677,1857,1741,1850,1656,1779,1762,1803,1691,1779,1756,1623,1711,1772,1803,1672,1723,1832,1792,1825,1651,1714,1802,1646,1791,1784
1917,1917,2069,1901,1940,1933,1874,2133,1982,1888,2062,1807,2113,1877,2007,1922,1712,2027,1872,2134,1915,2159,1867,1920,1654,1807,1976,1760,1745,1944,1886,2000,1982,1904,1932,1780,2034,1880,1841,1919,2032,1757,2015,1947,1762,1848,1587,1898,1846,2015,1937,1950,1870,1740,1815,1992,1861,1909,1927,1902,1702,1885,2372,1885,1858,1828,1939,1946,2083,1801,1806,2036,1876,1874,1804,1926,1905,1972,1794,1921,1900,1967,1794,1899,1790,1811,1798,1958,1954,1833,1847,2049,1911,2048,1723,1821,1986,1842,1831,2008
1886,1835,1949,1814,1772,1839,1815,1975,1861,1729,1880,1713,1923,1800,1782,1815,1627,1829,1783,1964,1910,2022,1791,1842,1582,1688,1755,1709,1729,1817,1800,1838,1910,1852,1809,1699,1879,1745,1763,1785,1861,1651,1990,1899,1655,1782,1497,1812,1803,1859,1822,1823,1794,1708,1719,1793,1754,1804,1775,1673,1637,1616,1885,2198,1809,1755,1786,1866,1912,1684,1696,1860,1854,1766,1652,1856,1800,1920,1699,1640,1872,1874,1740,1841,1644,1754,1706,1830,1797,1814,1768,1925,1856,1998,1674,1731,1812,1758,1667,1843
1893,1728,1995,1756,1925,1906,1841,2006,1845,1880,1918,1799,2086,1924,1887,1837,1733,1982,1857,1975,1822,2082,1758,1851,1590,1711,1842,1802,1749,1812,1872,1937,2011,1846,1864,1751,2016,1899,1746,1877,1927,1646,1959,1855,1652,1885,1417,1833,1752,1956,1868,1831,1774,1745,1779,1849,1870,1903,1822,1794,1696,1699,1858,1809,2253,1746,1846,1965,2007,1836,1644,1950,1832,1817,1721,1842,1893,1903,1709,1714,1860,1937,1811,1892,1745,1753,1742,1840,1864,1794,1694,1855,1883,1926,1732,1779,1955,1717,1760,1925
1891,1786,1926,1819,1880,1807,1769,1993,1920,1833,1785,1725,1961,1779,1865,1906,1674,1964,1773,2043,1829,2039,1733,1823,1628,1703,1824,1672,1715,1775,1800,1853,1892,1769,1756,1685,1915,1795,1685,1773,1939,1648,1961,1917,1585,1758,1546,1862,1781,1837,1755,1793,1709,1769,1744,1849,1818,1792,1837,1701,1599,1700,1828,1755,1746,2119,1800,1904,1953,1750,1700,1890,1820,1823,1677,1851,1783,1881,1766,1735,1859,1849,1674,1883,1728,1636,1725,1863,1787,1734,1704,1810,1851,1937,1688,1818,1781,1676,1689,1851
1904,1788,1941,1793,1844,1740,1774,2013,1834,1760,1946,1782,1971,1779,1816,1837,1625,1963,1801,1969,1802,2105,1819,1763,1535,1719,1912,1696,1735,1762,1737,1902,1946,1886,1815,1727,1935,1786,1789,1764,1946,1669,2034,1847,1591,1791,1547,1778,1787,1903,1773,1802,1803,1736,1747,1874,1820,1818,1779,1777,1625,1692,1939,1786,1846,1800,2207,1900,1909,1726,1670,1926,1851,1855,1663,1864,1852,1879,1699,1743,1831,1841,1760,1863,1679,1649,1732,1859,1878,1850,1704,1963,1865,1905,1701,1717,1852,1757,1740,1885
2000,1965,2164,1876,2009,2054,1885,2079,2031,2011,2106,1985,2183,2021,2016,1991,1758,2122,1966,2167,1992,2232,1938,1982,1689,1847,1988,1878,1911,1986,1953,2043,2013,1923,2038,1934,2142,1983,1891,2010,2107,1842,2139,2047,1748,1942,1668,2062,1849,1952,1934,1898,1855,1880,1797,1985,1929,1956,1959,1935,1828,1859,1946,1866,1965,1904,1900,2509,2125,1960,1912,2098,2095,1914,1892,1984,1954,1977,1918,1969,1999,2058,1900,2033,1893,1882,1943,2017,1937,1833,1922,2004,1941,2110,1947,1893,2021,1995,1908,2106
2105,2006,2120,2040,2039,2044,2047,2185,2098,2058,2139,1921,2154,2149,2127,2022,1859,2081,2029,2226,2008,2287,1989,2029,1771,1835,2003,1962,1881,2014,1968,2064,2146,1929,2100,1883,2119,2024,1873,2055,2127,1915,2218,2119,1949,2003,1723,2021,1995,2072,2084,2035,1904,1953,1955,2054,1993,2021,1986,1938,1878,1921,2083,1912,2007,1953,1909,2125,2613,1933,1815,2106,1972,2031,1913,2017,2035,2070,1959,1875,1996,1994,1913,2147,1907,1883,1914,1993,1948,1849,1970,2148,1988,2173,1903,2046,2062,2021,1888,2109
1814,1719,1944,1816,1837,1817,1818,1977,1814,1848,1878,1750,1971,1780,1803,1780,1687,1961,1704,1910,1805,1978,1714,1749,1615,1731,1891,1693,1719,1696,1708,1816,1865,1837,1763,1785,1850,1867,1747,1828,2002,1672,1853,1906,1571,1801,1421,1745,1699,1745,1792,1871,1666,1699,1663,1809,1772,1794,1743,1793,1652,1690,1801,1684,1836,1750,1726,1960,1933,2257,1729,1865,1863,1744,1741,1867,1707,1753,1638,1823,1825,1880,1725,1851,1723,1746,1742,1789,1801,1705,1666,1805,1766,1881,1660,1659,1780,1708,1729,1832
1807,1703,1889,1753,1871,1763,1807,1899,1789,1752,1806,1764,1973,1681,1781,1818,1633,1840,1700,1972,1840,2035,1766,1733,1555,1658,1839,1643,1666,1821,1718,1860,1766,1796,1776,1683,1863,1787,1769,1760,1931,1670,1879,1844,1600,1741,1509,1874,1696,1822,1760,1724,1592,1711,1665,1792,1639,1779,1790,1719,1625,1707,1806,1696,1644,1700,1670,1912,1815,1729,2041,1843,1834,1714,1700,1797,1670,1837,1694,1735,1804,1868,1652,1841,1650,1744,1689,1829,1762,1707,1758,1836,1717,1897,1677,1710,1825,1782,1705,1844
1960,1889,2004,1873,2003,2013,1970,2114,1927,2044,2081,1947,2244,2036,2034,1996,1791,2077,1911,2148,1921,2197,1901,1953,1631,1766,2073,1817,1803,2018,1946,2049,2024,1892,2015,1916,2119,1875,1796,1960,2102,1843,2170,2044,1774,1917,1752,1927,1898,1980,1948,1902,1936,1875,1837,1966,1887,1882,1948,1868,1789,1883,2036,1860,1950,1890,1926,2098,2106,1865,1843,2447,1986,1915,1807,2001,2008,2080,1907,1901,1941,2035,1845,1971,1826,1814,1870,2012,1964,1867,1839,2064,1928,2045,1828,1825,2086,1899,1829,2033
2078,1918,2117,1769,1913,1896,1781,2062,1869,1977,2000,1844,2046,1974,1874,1947,1745,1995,1944,2064,1945,2129,1903,1872,1575,1787,1924,1873,1820,1892,1784,1900,2041,1934,1903,1817,2007,1793,1838,1913,1995,1826,2143,1979,1704,1887,1635,1928,1788,1905,1823,1801,1819,1852,1702,1891,1790,1972,1887,1888,1757,1740,1876,1854,1832,1820,1851,2095,1972,1863,1834,1986,2426,1843,1831,1983,1819,1927,1692,1841,2016,1956,1802,1916,1893,1810,1741,1803,1954,1830,1918,1927,1850,2005,1892,1725,1963,1950,1777,1952
1937,1797,1923,1825,1854,1823,1684,1966,1924,1834,1959,1796,2002,1892,1900,1853,1643,2023,1867,2021,1880,2105,1756,1760,1570,1748,1937,1753,1747,1837,1832,1829,1854,1822,1852,1711,1988,1858,1757,1805,1940,1639,1954,1905,1641,1858,1545,1903,1794,1763,1801,1831,1720,1771,1737,1822,1810,1896,1835,1800,1606,1731,1874,1766,1817,1823,1855,1914,2031,1744,1714,1915,1843,2212,1702,1841,1825,1879,1698,1759,1850,1822,1750,1965,1716,1680,1732,1869,1781,1710,1759,1950,1844,1922,1661,1731,1868,1709,1782,1866
1838,1706,1904,1735,1834,1881,1824,1911,1830,1802,1842,1671,1936,1837,1845,1829,1640,1867,1637,1889,1899,2054,1690,1808,1541,1672,1865,1712,1618,1723,1714,1897,1867,1771,1804,1766,1875,1816,1657,1769,1855,1730,1903,1899,1592,1780,1493,1824,1749,1765,1872,1756,1621,1658,1782,1845,1607,1808,1751,1754,1725,1677,1804,1652,1721,1677,1663,1892,1913,1741,1700,1807,1831,1702,2176,1726,1731,1777,1666,1729,1785,1877,1709,1860,1745,1674,1759,1750,1802,1737,1752,1808,1746,1896,1649,1690,1812,1744,1673,1896
1957,1910,2022,1843,1929,1941,1891,2003,1888,1908,1886,1871,2001,1999,1992,1917,1795,1907,1836,2060,1957,2032,1754,1924,1626,1746,1953,1796,1843,1845,1819,1904,2006,1875,1947,1911,2014,1916,1895,1940,2105,1795,2039,1996,1730,1847,1670,1913,1757,1932,1864,1805,1885,1830,1809,1912,1845,1944,1870,1867,1728,1857,1926,1856,1842,1851,1864,1984,2017,1867,1797,2001,1983,1841,1726,2348,1783,1924,1804,1851,2003,1951,1838,1932,1812,1811,1745,1846,1937,1793,1793,2020,1973,1992,1801,1813,1849,1865,1836,1957
1941,1831,1964,1763,1828,1969,1862,2046,1870,1925,1965,1806,2009,1921,1914,1841,1668,1946,1885,2071,1815,2043,1724,1835,1559,1745,1878,1755,1753,1866,1879,1951,1998,1788,1818,1745,1973,1797,1695,1785,1852,1692,2075,1866,1704,1839,1575,1768,1780,1908,1851,1788,1783,1848,1711,1837,1797,1799,1763,1790,1728,1741,1905,1800,1893,1783,1852,1954,2035,1707,1670,2008,1819,1825,1731,1783,2271,1918,1728,1792,1800,1972,1744,2011,1761,1727,1768,1962,1793,1890,1728,1922,1844,1917,1697,1804,1884,1838,1713,1932
2089,1873,1980,1949,2019,1967,1969,2140,1983,1949,1889,1835,2142,1941,1993,1956,1758,1983,1853,2110,1995,2164,1879,1888,1698,1819,1979,1853,1773,1916,1885,1908,2021,1858,1885,1793,2015,1820,1799,1859,2025,1756,2151,1986,1736,1822,1666,1898,1870,1947,1880,1883,1841,1826,1874,1857,1867,1916,1876,1832,1734,1850,1972,1920,1903,1881,1879,1977,2070,1753,1837,2080,1927,1879,1777,1924,1918,2365,1853,1850,1941,1992,1782,1895,1846,1827,1852,1912,1911,1886,1851,1977,1870,2077,1842,1858,1943,1853,1787,1932
1792,1717,1869,1687,1817,1856,1769,1977,1777,1814,1810,1700,1936,1824,1833,1849,1571,1861,1741,1999,1786,1996,1738,1758,1628,1578,1787,1668,1674,1785,1719,1798,1828,1791,1833,1714,1900,1793,1665,1762,1851,1666,1888,1846,1582,1659,1559,1780,1727,1882,1698,1682,1691,1678,1677,1755,1754,1765,1793,1680,1556,1656,1794,1699,1709,1766,1699,1918,1959,1638,1694,1907,1692,1698,1666,1804,1728,1853,2034,1693,1842,1815,1651,1848,1627,1667,1671,1855,1728,1631,1664,1805,1721,1860,1690,1771,1735,1775,1664,1772
1830,1727,1931,1769,1886,1859,1792,1929,1884,1779,1849,1774,1983,1816,1858,1850,1613,1902,1742,2009,1782,1971,1692,1732,1589,1691,1866,1653,1697,1809,1702,1854,1852,1780,1755,1730,1918,1823,1764,1817,1925,1713,1926,1871,1604,1729,1514,1755,1716,1833,1764,1745,1675,1692,1694,1841,1766,1754,1803,1759,1669,1779,1921,1640,1714,1735,1743,1969,1875,1823,1735,1901,1841,1759,1729,1851,1792,1850,1693,2156,1797,1925,1631,1851,1711,1734,1706,1864,1862,1684,1694,1870,1763,1838,1715,1713,1751,1767,1697,1931
